#alpha/T		 f_A	 	 f_B	 	  f_V	 	    sum
0.001000		 -0.000695	 0.003278	 -0.191183	 -0.379783
0.001100		 -0.000756	 0.003422	 -0.191170	 -0.379674
0.001210		 -0.000822	 0.003577	 -0.191156	 -0.379556
0.001331		 -0.000894	 0.003746	 -0.191140	 -0.379428
0.001464		 -0.000971	 0.003928	 -0.191123	 -0.379289
0.001611		 -0.001056	 0.004126	 -0.191104	 -0.379137
0.001772		 -0.001147	 0.004341	 -0.191083	 -0.378973
0.001949		 -0.001247	 0.004574	 -0.191060	 -0.378794
0.002144		 -0.001355	 0.004827	 -0.191035	 -0.378599
0.002358		 -0.001473	 0.005101	 -0.191008	 -0.378387
0.002594		 -0.001600	 0.005399	 -0.190978	 -0.378157
0.002853		 -0.001740	 0.005722	 -0.190944	 -0.377907
0.003138		 -0.001891	 0.006072	 -0.190908	 -0.377635
0.003452		 -0.002056	 0.006451	 -0.190868	 -0.377340
0.003797		 -0.002235	 0.006863	 -0.190824	 -0.377020
0.004177		 -0.002431	 0.007309	 -0.190776	 -0.376674
0.004595		 -0.002644	 0.007792	 -0.190723	 -0.376298
0.005054		 -0.002877	 0.008316	 -0.190665	 -0.375891
0.005560		 -0.003131	 0.008883	 -0.190601	 -0.375451
0.006116		 -0.003409	 0.009496	 -0.190532	 -0.374976
0.006727		 -0.003712	 0.010160	 -0.190455	 -0.374462
0.007400		 -0.004043	 0.010878	 -0.190371	 -0.373907
0.008140		 -0.004405	 0.011654	 -0.190279	 -0.373310
0.008954		 -0.004800	 0.012492	 -0.190179	 -0.372665
0.009850		 -0.005233	 0.013398	 -0.190069	 -0.371972
0.010835		 -0.005706	 0.014376	 -0.189948	 -0.371226
0.011918		 -0.006223	 0.015431	 -0.189816	 -0.370424
0.013110		 -0.006790	 0.016569	 -0.189672	 -0.369564
0.014421		 -0.007410	 0.017796	 -0.189514	 -0.368641
0.015863		 -0.008088	 0.019118	 -0.189341	 -0.367652
0.017449		 -0.008830	 0.020542	 -0.189153	 -0.366593
0.019194		 -0.009643	 0.022076	 -0.188947	 -0.365461
0.021114		 -0.010532	 0.023725	 -0.188722	 -0.364252
0.023225		 -0.011505	 0.025499	 -0.188477	 -0.362961
0.025548		 -0.012571	 0.027405	 -0.188210	 -0.361586
0.028102		 -0.013736	 0.029453	 -0.187919	 -0.360122
0.030913		 -0.015012	 0.031652	 -0.187603	 -0.358565
0.034004		 -0.016407	 0.034012	 -0.187259	 -0.356912
0.037404		 -0.017933	 0.036542	 -0.186884	 -0.355159
0.041145		 -0.019602	 0.039255	 -0.186478	 -0.353303
0.045259		 -0.021426	 0.042160	 -0.186037	 -0.351340
0.049785		 -0.023419	 0.045270	 -0.185559	 -0.349267
0.054764		 -0.025597	 0.048597	 -0.185041	 -0.347082
0.060240		 -0.027975	 0.052154	 -0.184481	 -0.344783
0.066264		 -0.030570	 0.055955	 -0.183877	 -0.342368
0.072890		 -0.033402	 0.060013	 -0.183224	 -0.339836
0.080180		 -0.036490	 0.064343	 -0.182520	 -0.337187
0.088197		 -0.039856	 0.068960	 -0.181762	 -0.334421
0.097017		 -0.043522	 0.073880	 -0.180948	 -0.331539
0.106719		 -0.047512	 0.079118	 -0.180075	 -0.328544
0.117391		 -0.051853	 0.084691	 -0.179138	 -0.325439
0.129130		 -0.056571	 0.090615	 -0.178137	 -0.322230
0.142043		 -0.061695	 0.096909	 -0.177068	 -0.318922
0.156247		 -0.067256	 0.103589	 -0.175928	 -0.315523
0.171872		 -0.073286	 0.110674	 -0.174716	 -0.312042
0.189059		 -0.079816	 0.118183	 -0.173429	 -0.308492
0.207965		 -0.086883	 0.126132	 -0.172066	 -0.304883
0.228762		 -0.094522	 0.134543	 -0.170626	 -0.301232
0.251638		 -0.102770	 0.143432	 -0.169109	 -0.297556
0.276801		 -0.111665	 0.152820	 -0.167513	 -0.293872
0.304482		 -0.121246	 0.162725	 -0.165840	 -0.290202
0.334930		 -0.131552	 0.173166	 -0.164091	 -0.286568
0.368423		 -0.142621	 0.184163	 -0.162268	 -0.282995
0.405265		 -0.154495	 0.195732	 -0.160373	 -0.279510
0.445792		 -0.167211	 0.207894	 -0.158411	 -0.276139
0.490371		 -0.180808	 0.220665	 -0.156385	 -0.272913
0.539408		 -0.195323	 0.234064	 -0.154301	 -0.269861
0.593349		 -0.210791	 0.248107	 -0.152165	 -0.267014
0.652683		 -0.227244	 0.262810	 -0.149984	 -0.264402
0.717952		 -0.244713	 0.278190	 -0.147766	 -0.262055
0.789747		 -0.263226	 0.294260	 -0.145519	 -0.260004
0.868722		 -0.282805	 0.311036	 -0.143253	 -0.258275
0.955594		 -0.303471	 0.328529	 -0.140977	 -0.256895
1.051153		 -0.325237	 0.346752	 -0.138701	 -0.255887
1.156269		 -0.348114	 0.365716	 -0.136435	 -0.255269
1.271895		 -0.372105	 0.385428	 -0.134190	 -0.255058
1.399085		 -0.397211	 0.405898	 -0.131976	 -0.255265
1.538993		 -0.423424	 0.427132	 -0.129802	 -0.255896
1.692893		 -0.450731	 0.449134	 -0.127678	 -0.256953
1.862182		 -0.479114	 0.471908	 -0.125613	 -0.258431
2.048400		 -0.508548	 0.495454	 -0.123613	 -0.260321
2.253240		 -0.539006	 0.519772	 -0.121687	 -0.262607
2.478564		 -0.570451	 0.544859	 -0.119839	 -0.265269
2.726421		 -0.602844	 0.570710	 -0.118074	 -0.268282
2.999063		 -0.636143	 0.597319	 -0.116396	 -0.271617
3.298969		 -0.670299	 0.624675	 -0.114808	 -0.275240
3.628866		 -0.705263	 0.652767	 -0.113310	 -0.279116
3.991753		 -0.740984	 0.681583	 -0.111902	 -0.283205
4.390928		 -0.777405	 0.711105	 -0.110584	 -0.287469
4.830021		 -0.814473	 0.741316	 -0.109355	 -0.291867
5.313023		 -0.852131	 0.772195	 -0.108211	 -0.296358
5.844325		 -0.890325	 0.803721	 -0.107150	 -0.300903
6.428757		 -0.928998	 0.835869	 -0.106168	 -0.305464
7.071633		 -0.968096	 0.868614	 -0.105262	 -0.310006
7.778796		 -1.007567	 0.901926	 -0.104427	 -0.314495
8.556676		 -1.047359	 0.935778	 -0.103660	 -0.318901
9.412344		 -1.087422	 0.970137	 -0.102955	 -0.323195
10.353578		 -1.127707	 1.004972	 -0.102309	 -0.327354
11.388936		 -1.168169	 1.040250	 -0.101718	 -0.331356
12.527829		 -1.208762	 1.075934	 -0.101177	 -0.335183
13.780612		 -1.249442	 1.111990	 -0.100683	 -0.338820
15.158674		 -1.290169	 1.148380	 -0.100232	 -0.342254
16.674541		 -1.330900	 1.185067	 -0.099821	 -0.345475
18.341995		 -1.371596	 1.222012	 -0.099446	 -0.348476
20.176195		 -1.412217	 1.259174	 -0.099104	 -0.351251
22.193814		 -1.452724	 1.296514	 -0.098793	 -0.353795
24.413195		 -1.493078	 1.333990	 -0.098509	 -0.356106
26.854515		 -1.533239	 1.371558	 -0.098251	 -0.358182
29.539966		 -1.573168	 1.409176	 -0.098016	 -0.360023
32.493963		 -1.612823	 1.446799	 -0.097802	 -0.361628
35.743359		 -1.652162	 1.484380	 -0.097607	 -0.362997
39.317695		 -1.691143	 1.521873	 -0.097430	 -0.364131
43.249465		 -1.729721	 1.559229	 -0.097269	 -0.365030
47.574411		 -1.767849	 1.596399	 -0.097123	 -0.365696
52.331852		 -1.805479	 1.633331	 -0.096990	 -0.366128
57.565038		 -1.842564	 1.669974	 -0.096869	 -0.366327
63.321541		 -1.879051	 1.706275	 -0.096759	 -0.366294
69.653696		 -1.914890	 1.742179	 -0.096659	 -0.366029
76.619065		 -1.950028	 1.777631	 -0.096568	 -0.365532
84.280972		 -1.984412	 1.812575	 -0.096485	 -0.364806
92.709069		 -2.017989	 1.846958	 -0.096410	 -0.363851
101.979976		 -2.050709	 1.880722	 -0.096341	 -0.362669
112.177973		 -2.082520	 1.913814	 -0.096279	 -0.361263
123.395771		 -2.113375	 1.946181	 -0.096222	 -0.359638
135.735348		 -2.143229	 1.977772	 -0.096171	 -0.357799
149.308882		 -2.172040	 2.008537	 -0.096124	 -0.355751
164.239771		 -2.199773	 2.038432	 -0.096082	 -0.353505
180.663748		 -2.226397	 2.067414	 -0.096043	 -0.351069
198.730123		 -2.251886	 2.095447	 -0.096008	 -0.348455
218.603135		 -2.276221	 2.122496	 -0.095976	 -0.345676
240.463448		 -2.299391	 2.148537	 -0.095947	 -0.342748
264.509793		 -2.321390	 2.173545	 -0.095921	 -0.339687
290.960772		 -2.342221	 2.197505	 -0.095897	 -0.336509
320.056850		 -2.361892	 2.220407	 -0.095875	 -0.333234
352.062535		 -2.380418	 2.242246	 -0.095855	 -0.329882
387.268788		 -2.397821	 2.263024	 -0.095837	 -0.326470
425.995667		 -2.414127	 2.282748	 -0.095820	 -0.323020
468.595233		 -2.429368	 2.301428	 -0.095806	 -0.319551
515.454757		 -2.443581	 2.319083	 -0.095792	 -0.316082
567.000233		 -2.456805	 2.335734	 -0.095780	 -0.312630
623.700256		 -2.469082	 2.351405	 -0.095769	 -0.309214
686.070281		 -2.480458	 2.366126	 -0.095758	 -0.305849
754.677309		 -2.490979	 2.379927	 -0.095749	 -0.302550
830.145040		 -2.500691	 2.392843	 -0.095741	 -0.299329
913.159544		 -2.509641	 2.404909	 -0.095733	 -0.296198
1004.475499		 -2.517877	 2.416162	 -0.095726	 -0.293168
1104.923049		 -2.525446	 2.426641	 -0.095720	 -0.290245
1215.415354		 -2.532391	 2.436383	 -0.095714	 -0.287436
1336.956889		 -2.538756	 2.445427	 -0.095709	 -0.284747
1470.652578		 -2.544584	 2.453812	 -0.095704	 -0.282180
1617.717836		 -2.549915	 2.461576	 -0.095700	 -0.279739
1779.489619		 -2.554786	 2.468755	 -0.095696	 -0.277423
1957.438581		 -2.559235	 2.475386	 -0.095692	 -0.275233
2153.182439		 -2.563294	 2.481504	 -0.095689	 -0.273168
2368.500683		 -2.566995	 2.487143	 -0.095686	 -0.271224
2605.350752		 -2.570368	 2.492335	 -0.095683	 -0.269400
2865.885827		 -2.573441	 2.497111	 -0.095681	 -0.267692
3152.474410		 -2.576240	 2.501501	 -0.095679	 -0.266096
3467.721851		 -2.578787	 2.505532	 -0.095677	 -0.264608
3814.494036		 -2.581105	 2.509232	 -0.095675	 -0.263223
4195.943439		 -2.583213	 2.512624	 -0.095673	 -0.261936
4615.537783		 -2.585131	 2.515733	 -0.095672	 -0.260742
5077.091561		 -2.586875	 2.518580	 -0.095670	 -0.259636
5584.800717		 -2.588461	 2.521186	 -0.095669	 -0.258614
6143.280789		 -2.589903	 2.523569	 -0.095668	 -0.257669
6757.608868		 -2.591213	 2.525749	 -0.095667	 -0.256798
7433.369755		 -2.592405	 2.527741	 -0.095666	 -0.255996
8176.706730		 -2.593487	 2.529561	 -0.095665	 -0.255257
8994.377403		 -2.594471	 2.531222	 -0.095664	 -0.254578
9893.815144		 -2.595366	 2.532739	 -0.095664	 -0.253954
10883.196658		 -2.596179	 2.534123	 -0.095663	 -0.253382
11971.516324		 -2.596917	 2.535385	 -0.095662	 -0.252857
13168.667956		 -2.597589	 2.536537	 -0.095662	 -0.252376
14485.534752		 -2.598199	 2.537587	 -0.095661	 -0.251935
15934.088227		 -2.598753	 2.538543	 -0.095661	 -0.251532
17527.497050		 -2.599257	 2.539415	 -0.095661	 -0.251163
19280.246755		 -2.599715	 2.540210	 -0.095660	 -0.250826
21208.271431		 -2.600131	 2.540933	 -0.095660	 -0.250518
23329.098574		 -2.600510	 2.541592	 -0.095660	 -0.250237
25662.008431		 -2.600853	 2.542192	 -0.095659	 -0.249980
28228.209274		 -2.601166	 2.542739	 -0.095659	 -0.249745
31051.030201		 -2.601450	 2.543236	 -0.095659	 -0.249532
34156.133222		 -2.601708	 2.543689	 -0.095659	 -0.249336
37571.746544		 -2.601943	 2.544101	 -0.095658	 -0.249159
41328.921198		 -2.602156	 2.544476	 -0.095658	 -0.248997
45461.813318		 -2.602350	 2.544817	 -0.095658	 -0.248849
50007.994650		 -2.602526	 2.545128	 -0.095658	 -0.248714
55008.794115		 -2.602686	 2.545410	 -0.095658	 -0.248592
60509.673526		 -2.602831	 2.545667	 -0.095658	 -0.248480
66560.640879		 -2.602964	 2.545901	 -0.095658	 -0.248378
73216.704967		 -2.603084	 2.546113	 -0.095658	 -0.248286
80538.375463		 -2.603193	 2.546307	 -0.095657	 -0.248201
88592.213010		 -2.603293	 2.546483	 -0.095657	 -0.248125
97451.434311		 -2.603383	 2.546643	 -0.095657	 -0.248055
107196.577742		 -2.603465	 2.546788	 -0.095657	 -0.247991
117916.235516		 -2.603540	 2.546921	 -0.095657	 -0.247934
129707.859067		 -2.603608	 2.547041	 -0.095657	 -0.247881
142678.644974		 -2.603669	 2.547150	 -0.095657	 -0.247833
156946.509471		 -2.603725	 2.547250	 -0.095657	 -0.247790
172641.160419		 -2.603776	 2.547340	 -0.095657	 -0.247750
189905.276460		 -2.603823	 2.547423	 -0.095657	 -0.247714
